738
1737
796
1329
839
828
1863
1349
902
2227
1245
209
2046
1233
299
2087
1053
2354
2075
2139
296
105
2255
1130
1829
2256
438
225
1267
2389
112
2034
1351
446
958
2084
444
2414
715
1564
1097
455
162
1865
782
831
2431
2519
2210
1141
1321
271
1397
1739
1905
2273
2249
2078
13
2186
752
854
722
2338
2470
1463
6
200
521
2235
8
2341
2432
1789
582
570
1047
1068
1973
694
458
1660
41
2472
1494
1277
1274
443
676
241
964
2045
1780
2211
2220
988
395
1159
824
1011
805
1472
1979
1821
623
951
2060
1262
1115
2163
1912
2171
997
2184
1734
1570
44
1340
2043
682
950
1089
1192
2376
89
2234
1103
1331
2407
84
514
302
541
1132
1628
1292
599
1219
63
808
877
208
2044
445
832
2404
1750
2221
1330
187
1906
2397
1465
1984
1588
991
2135
2348
509
2015
731
817
1586
2054
1424
1462
2374
1173
538
961
1602
859
1700
1017
1295
140
858
2476
2252
777
168
545
532
2450
1119
1534
2306
1757
95
2410
2165
2166
1689
815
2077
1592
410
1423
323
149
869
915
2268
2208
374
646
2145
2498
1098
1918
1180
2455
917
755
775
337
1891
523
1416
1438
1771
1010
2064
2076
993
856
156
1978
1776
179
1001
0
968
852
1024
34
1149
2265
1476
1320
759
2386
2525
1991
892
53
907
2286
159
939
498
1883
827
1269
477
1156
965
384
818
1724
2511
1018
2452
601
1847
906
1807
800
2475
1215
640
377
952
2290
1065
848
1327
2129
136
35
2000
1972
263
2421
780
1551
1415
2318
1814
760
1897
1076
2325
1137
431
645
1735
982
2377
185
23
2180
2062
1430
1459
1651
1873
25
227
170
1900
1461
2185
1528
1524
1303
1226
2156
10
2241
324
1372
807
1831
741
70
636
2458
2501
467
2130
234
886
1492
687
2272
2223
494
1866
2217
1631
1742
1969
1075
938
1733
616
1952
2477
30
381
2039
1247
56
1258
772
2287
1344
612
240
1336
9
880
2420
1686
667
2293
1711
1692
1954
899
1802
2137
1385
1786
1791
1775
1217
638
1178
571
1646
424
1488
527
1312
1134
14
1255
559
425
2388
1828
1343
1106
1825
305
707
1506
1049
495
614
1223
2408
2088
677
1569
516
1268
1502
1022
229
1342
313
1521
1239
2365
603
1726
1579
1871
1800
871
1040
1175
352
1125
1532
2526
83
562
1481
544
1627
142
254
2061
1455
1013
139
743
171
1743
1885
1487
1656
1784
288
1120
1496
2313
1589
977
888
1029
2275
2022
16
732
1357
698
1323
1202
1884
2360
2192
503
1531
1622
2168
1240
2529
1364
1813
371
1028
1970
119
1603
569
1788
1513
78
80
2067
2181
1619
1301
1795
345
1827
1374
1308
1785
125
2224
748
2459
1805
1769
1166
1412
2528
1613
2317
1725
933
99
1057
1165
1014
1289
2236
2403
1585
730
1025
757
551
2174
1379
1315
1500
955
763
1002
368
649
611
1644
1249
1931
230
1306
2352
518
625
1085
277
1715
2161
592
1069
476
684
1422
693
609
1933
1195
1171
1056
1298
110
719
999
118
1361
24
2218
2133
280
1577
15
1356
932
2097
247
1934
1658
1214
1740
850
1732
1699
598
840
1136
1697
1016
1252
175
214
1988
36
1951
1670
947
224
480
2444
2271
195
1939
1099
2102
928
702
29
720
5
468
1889
1129
1404
1916
2412
161
2197
1090
1299
515
721
1107
1864
1563
2401
1815
1468
1539
787
666
1678
1680
1077
2172
847
2212
2307
466
969
1294
199
7
2297
2242
1610
867
567
716
1996
1517
2196
1854
147
978
497
1540
1143
2326
657
2201
581
343
2418
610
713
1654
1400
819
1197
1855
2385
397
794
574
109
1911
1140
996
379
972
1401
1787
169
1183
456
2523
1718
1161
331
2468
600
2448
643
822
1614
235
2514
1313
1758
394
55
399
1012
2284
634
1683
2037
228
428
919
1155
1971
472
2219
588
1442
1363
308
1084
1221
2214
2434
1508
1598
1196
2125
303
1925
1943
2489
482
2480
2419
2113
114
2367
386
1799
409
167
1071
949
1369
577
1435
1846
2264
975
4
54
2251
1987
1722
2356
2311
957
1580
2485
920
2322
2250
267
1920
390
1410
1948
587
1339
1478
2122
1530
1967
1384
1480
1751
232
887
104
633
1170
376
2375
2502
2463
204
1437
117
2391
703
1368
568
1822
27
1307
282
1708
979
2441
1466
1648
829
2371
1898
1657
387
61
2103
2453
583
398
1876
1439
1383
742
1833
776
1555
2515
1467
1538
1176
826
1895
2144
1293
1544
1256
1849
678
203
1261
350
404
367
1899
670
423
226
126
628
1542
1426
945
709
22
2154
2092
1599
2228
1042
2162
1045
1051
1498
1048
1982
851
1556
860
258
505
1311
2155
845
1681
1335
1738
2334
524
1417
903
255
761
2025
2164
921
2481
1533
1841
1834
2079
265
1989
2177
1761
1365
2142
1720
650
506
285
1957
2440
1224
695
1852
696
1869
396
1302
2005
2031
1818
2134
891
427
1419
691
773
1940
2423
1157
1702
362
137
1666
2267
1408
2492
1747
1266
1893
1273
158
286
1541
966
1772
2483
2260
330
1848
664
2263
339
1625
1291
2010
462
1630
419
1929
2337
2447
648
1981
1237
243
40
2248
1004
511
986
1420
1597
1968
1652
2188
1745
346
2118
1938
2409
2207
2276
65
1079
2068
189
662
2299
347
1922
2288
1121
2237
2349
1908
1288
484
1109
2013
1976
2405
1015
1642
2090
2445
311
1640
194
1667
663
1131
1370
2305
1208
269
2343
2438
1572
1169
2473
155
585
2124
2098
737
1679
1145
2093
1447
593
1985
936
295
1066
821
62
533
59
1575
622
1008
2530
1392
639
1890
2504
660
1529
793
1901
686
1393
1436
974
1880
1835
321
944
1225
1844
1859
1231
2369
43
2451
1123
529
1582
1965
344
2206
2469
2178
2042
2506
1093
1060
2521
2002
454
18
723
2497
1227
1205
2479
132
2302
1778
2127
2230
1127
2314
417
855
744
76
11
1974
2257
1376
688
2406
1074
186
2344
2295
68
790
1936
1950
1377
779
205
1693
1949
1352
1164
1567
2032
578
1611
93
708
48
2104
1896
689
658
1179
2202
534
1959
2424
812
2296
45
795
2081
2399
2340
718
1213
1234
879
1046
1560
144
188
1565
213
1774
1860
1606
2531
176
2278
1453
385
2269
555
522
1153
2024
1434
1746
2280
372
2016
1341
210
1843
1559
1875
1820
1139
804
539
289
281
1034
512
740
478
26
789
948
992
148
1334
465
2148
1709
86
2321
490
239
983
513
75
272
1296
2303
32
981
1263
956
2069
1688
1923
2149
440
1535
1682
1190
1507
260
1184
416
2532
1574
1021
2274
620
2203
942
1730
72
1185
874
432
2175
1477
2170
1101
1806
481
1064
1168
1073
1817
2132
2304
873
383
553
1808
2091
1491
487
1251
74
2478
1794
120
1283
1355
1690
727
349
499
1081
1406
883
108
1545
407
2047
546
447
1669
401
1104
520
190
537
1019
2213
1608
1659
2072
77
931
1647
2254
834
1346
550
2490
342
333
2036
564
1458
604
500
1605
1590
193
725
701
2176
1281
373
1026
365
756
651
1584
630
1744
2238
2114
1254
152
1333
2014
816
2138
2191
1672
2332
2433
2141
2017
433
2051
572
2330
984
1797
2096
621
724
882
690
844
2143
2033
307
82
474
536
1756
402
130
1317
2495
47
2413
2055
1144
573
1671
154
475
1425
359
382
2281
1522
699
754
1781
2115
493
706
767
1337
1673
2247